2

1  3  2
spin component  1
  0.1270 -0.0143  0.1039 -0.0097  0.0001  0.2730  0.0093
 -0.0143  0.0136 -0.0139  0.0024  0.0012 -0.0363 -0.0001
  0.1039 -0.0139  0.1177 -0.0245  0.0007  0.2824  0.0088
 -0.0097  0.0024 -0.0245  0.0233 -0.0000 -0.0572 -0.0012
  0.0001  0.0012  0.0007 -0.0000  0.0094  0.0019  0.0012
  0.2730 -0.0363  0.2824 -0.0572  0.0019  0.7382  0.0226
  0.0093 -0.0001  0.0088 -0.0012  0.0012  0.0226  0.0111
spin component  2
  0.0204 -0.0003 -0.0017  0.0106 -0.0004 -0.0022  0.0006
 -0.0003  0.0106  0.0002 -0.0004  0.0007  0.0003  0.0004
 -0.0017  0.0002  0.0085 -0.0022  0.0000  0.0008 -0.0000
  0.0106 -0.0004 -0.0022  0.0173  0.0001 -0.0003  0.0005
 -0.0004  0.0007  0.0000  0.0001  0.0085  0.0003  0.0007
 -0.0022  0.0003  0.0008 -0.0003  0.0003  0.0084 -0.0002
  0.0006  0.0004 -0.0000  0.0005  0.0007 -0.0002  0.0095

14  3  2
spin component  1
  0.1270 -0.0143  0.1039 -0.0097  0.0001  0.2730  0.0093
 -0.0143  0.0136 -0.0139  0.0024  0.0012 -0.0363 -0.0001
  0.1039 -0.0139  0.1177 -0.0245  0.0007  0.2824  0.0088
 -0.0097  0.0024 -0.0245  0.0233 -0.0000 -0.0572 -0.0012
  0.0001  0.0012  0.0007 -0.0000  0.0094  0.0019  0.0012
  0.2730 -0.0363  0.2824 -0.0572  0.0019  0.7382  0.0226
  0.0093 -0.0001  0.0088 -0.0012  0.0012  0.0226  0.0111
spin component  2
  0.0204 -0.0003 -0.0017  0.0106 -0.0004 -0.0022  0.0006
 -0.0003  0.0106  0.0002 -0.0004  0.0007  0.0003  0.0004
 -0.0017  0.0002  0.0085 -0.0022  0.0000  0.0008 -0.0000
  0.0106 -0.0004 -0.0022  0.0173  0.0001 -0.0003  0.0005
 -0.0004  0.0007  0.0000  0.0001  0.0085  0.0003  0.0007
 -0.0022  0.0003  0.0008 -0.0003  0.0003  0.0084 -0.0002
  0.0006  0.0004 -0.0000  0.0005  0.0007 -0.0002  0.0095

